function y = fcn()

%y = [1000000*rand-500000 1000000*rand-500000 1000000*rand-500000];
y = [0 0 0];